620437251705162473051670423517
475032614571062307465132047325
314657023074152640637521437651
240561703452361704526301574620
563427510674153402760315204571
036512470763252610574317462503
472065136731540257046321572603
014637572621047350251740635471
725603471015674352704635127046
360752140653476251074236015723
015247360173256510476314620475
734506021432607315472650713025
514607236470162503725631042735
620147530251367460745531620435
071462530743625017634257031645
320467051631570342256701563740
563210742150627314740652307614
407312605631472506345017462530
075431520673214657054627310426
354071640562731402635014762035
624351702647250315476031752046
170536420763451632057042673512
412067356731452051274036570241
706524312047651350731642570634
532076145703216450671253047562
367120540563721407653531024617
571602473046235107645032721046
623517401072640725316504652731
470621350761534205736105426073
036572140731652470623405175046
516027734625347051604731263047
642107351460253710657032451270
704352106253471607026531257463
250631740476503721041576302631
467021603571257346045736721543
573612046527310470623154705312
624017531076542605731402356470
256743107561632045372150471653
731052640457631205047517463025
150734671607235041462507364125
320617453752604371052476513742
461752036507264150731570620435
045631257476302160741567312050
372051604670312574260517346752
726014503127630471350256712504
135627401560743152067215347621
203715467530624150764052367214
672450731561203714526307650731
565371052760413265407623517204
040537261740653025712614735614